The following intersections are deemed low priority:

5000
5001
5005
5006
5007
5008
5009
5010
5011
5012
5013
5014
5015
5016
5017
5018
5019
5020
5021
5025
5027
5028
5029
5030
5031
5032
5034
5035
5036
5038
5039
5043
5044
5045
5046
5047
5048
5049
5050
5051
5052
5053
5054
5055
5056
5058
5063
5064
5066
5067
5068
5069
5070
5071
5072
5074
5075
5076
5084
5085
5086
5087
5088
5089
5090
5091
5092
5093
5094
5095
5099
5100
5101
5103
5104
5106
5107
5108
5109
5112
5113
5117
5118
5119
5120
5121
5122
5123
5124
5125
5127
5129
5131
5132
5133
5135
5137
5138
5139
5140
5141
5144
5145
5146
5147
5148
5150
5152
5153
5154
5157
5158
5164
5165
5166
5167
5168
5170
5171
5172
5173
5174
5177
5180
5181
5183
5184
5185
5186
5187
5188
5189
5190
5191
5192
5193
5194
5197
5198
5200
5201
5202
5203
5204
5205
5206
5207
5209
5210
5211
5212
5213
5214
5215
5216
5217
5218
5219
5220
5221
5222
5223
5224
5225
5226
5227
5228
5229
5230
5231
5232
5233
5234
5235
5240
5241
5242
5243
5250
5256
5258
5259
5260
5261
5262
5263
5264
5266
5267
5268
5269
5270
5271
5280
5289
5292
5293
5294
5295
5298
5299
5313
5314
5315
5316
5317
5318
5319
5320
5321
5325
5326
5327
5328
5329
5332
5333
5334
5335
5336
5337
5338
5339
5341
5343
5344
5345
5346
5347
5348
5349
5350
5352
5353
5354
5355
5356
5357
5358
5359
5360
5361
5362
5363
5364
5365
5366
5367
5368
5370
5371
5373
5374
5375
5378
5380
5381
5383
5385
5386
5387
5388
5389
5393
5394
5395
5397
5398
5399
5400
5401
5402
5403
5404
5420
5421
5422
5423
6000
6001
6002
6003
6004
6005
6006
6007
6008
6009
6010
6011
6012
6013
6014
6015
6016
6017
6019
6020
6021
6022
6023
6025
6026
6027
6028
6030
6031
6033
6034
6035
6044
6045
6046
6047
6048
6049
6050
6051
6052
6053
6054
6056
6059
6060
6061
6062
6063
6064
6066
6067
6068
6069
6070
6071
6072
6073
6074
6075
6076
6078
6079
6080
6081
6082
6084
6085
6086
6087
6088
6089
6090
6096
6097
6098
6099
6101
6102
6103
6104
6105
6106
6108
6109
6110
6111
6112
6113
6115
6116
6117
6118
6119
6120
6121
6122
6123
6124
6125
6127
6128
6129
6130
6131
6132
6133
6134
6135
6137
6138
6139
6141
6142
6145
6146
6147
6148
6149
6150
6151
6152
6153
6154
6155
6156
6157
6158
6159
6160
6161
6162
6163
6164
6165
6166
6167
6168
6169
6170
6171
6172
6173
6175
6176
6177
6178
6179
6180
6181
6182
6183
6184
6185
6186
6188
6189
6190
6192
6193
6194
6195
6196
6197
6198
6199
6200
6201
6202
6203
6204
6205
6206
6208
6209
6213
6214
6215
6218
6219
6220
6221
6222
6223
6224
6225
6226
6227
6228
6229
6230
6231
6232
6233
6234
6235
6236
6237
6238
6239
6240
6241
6242
6243
6244
6245
6249
6250
6251
6252
6253
6254
6255
6256
6257
6258
6259
6260
6264
6265
6266
6301
6304
6305
6306
6307
6309
6310
6312
6315
6316
6323
6325
6328
6329
6330
6331
6333
6375
6387
6388
6389
6390
6391
6392
6393
6394
6395
6398
6399
6401
6402
6403
6404
6405
6406
6407
6408
6409
6410
6411
6412
6413
6414
6415
6416
6417
6418
6419
6424
6427
6428
6431
6432
6433
6434
6435
6438
6439
6440
6441
6442
6443
6444
6445
6450
6451
6452
6453
6454
6455
6456
6457
6458
6459
6460
6461
6462
6463
6464
6465
6466
6467
7000
7001
7002
7003
7004
7007
7009
7010
7014
7017
7018
7019
7020
7021
7025
7028
7029
7030
7031
7032
7035
7036
7037
7039
7040
7041
7042
7044
7045
7046
7047
7048
7049
7050
7054
7075
7077
7078
7079
7081
7082
7083
7084
7085
7086
7087
7088
7089
7090
7091
7092
7093
7095
7096
7097
7098
7099
7100
7101
7102
7103
7107
7108
7109
7115
7116
7118
7119
7120
7121
7122
7123
7124
7125
7126
7127
7128
7129
7130
7131
7132
7133
7134
7135
7136
7137
7138
7139
7140
7141
7142
7143
7144
7145
7146
7147
7148
7149
7150
7151
7152
7153
7154
7155
7156
7157
7158
7159
7160
7161
7162
7163
7164
7165
7166
7167
7168
7169
7170
7171
7172
7173
7174
7175
7176
7177
7179
7180
7181
7182
7183
7184
7189
7190
7191
7192
7193
7194
7195
7196
7197
7198
7199
7200
7201
7202
7203
7204
7205
7206
7207
7208
7209
7210
7211
7216
7217
7218
7224
7228
7232
7234
7235
7236
7238
7239
7240
7241
7242
7243
7244
7245
7246
7247
7248
7249
7250
7251
7252
7253
7254
7255
7256
7257
7258
7259
7260
7261
7262
7263
7266
7267
7268
7269
7270
7271
7272
7273
7274
7275
7276
7277
7278
7279
7280
7281
7282
7283
7284
7285
7286
7287
7288
7289
7290
7291
7292
7293
7295
7296
7297
7298
7299
7300
7301
7302
7303
7304
7305
7306
7307
7308
7309
7310
7311
7314
7315
7316
7317
7318
7319
7321
7322
7323
7324
7325
7326
7327
7328
7329
7331
7332
7333
7334
7335
7336
7337
7338
7339
7340
7341
7342
7343
7344
7345
7346
7348
7349
7350
7351
7352
7353
7354
7355
7356
7366
7367
7369
7370
7372
7373
7374
7375
7376
7382
7383
7384
7386
7390
7391
7393
7394
7395
7396
7397
7398
7399
7400
7401
7402
7404
7405
7406
7407
7408
7409
7410
7411
7412
7413
7414
7415
7416
7417
7418
7419
7420
7421
7422
7423
7424
7427
7433
7434
7464
7465
7466
7474
7475
7478
7482
7502
7507
7508
7509
7510
7515
7516
7517
7518
7519
7520
7521
7522
7523
7524
7525
7526
7529
7530
7534
7538
7539
7541
7542
7543
7544
7571
7573
7598
7601
7602
7603
7605
7606
7607
7608
7609
7610
7612
7613
7614
7615
7617
7618
7619
7620
7621
7622
7623
7624
7625
7626
7627
7629
7631
7632
7633
7634
7636
7637
7638
7639
7640
7641
7642
7643
7646
7647
7648
7649
7656
7657
7669
7701
7702
7703
7705
7706
7707
7711
7712
7713
7714
7717
7718
7719
7721
7722
7807
7813
7814
7815
7816
7817
7818
7819
7821
7822
7824
7826
7827
7828
7829
7830
7920
7921
8101
8104
8105
8106
8110
8111
8113
8114
8115
8116
8117
8118
8119
8120
8121
8123
8124
8126
8131
8154
8155
8156
8157
8158
8162
8170
8171
8175
8202
8203
8204
8205
8206
8207
8208
8209
8210
8211
8212
8213
8215
8216
8218
8219
8220
8221
8222
8223
8224
8225
8226
8227
8228
8229
8231
8279
8280
8282
8283
8301
8302
8303
8304
8305
8306
8307
8308
8309
8311
8312
8313
8314
8315
8350
8401
8402
8403
8404
8405
8406
8407
8408
8450
8452
8454
8456
8500
8501
8502
8503
8504
8505
8508
8510
8511
8512
8520
8550
